%YAML:1.0
# Auto-generated by 202604_xross2_result_compiler.py
# Source: camera + multi + imu calibration outputs

cameras:
     - {T_SC:
        [0.00437136878989, -0.00534686886964, 0.99997615078, 0.0903932577162,
         -0.00752311143707, 0.99995723014, 0.00537965477992, -0.00539838831644,
         -0.999962146248, -0.00754644847173, 0.00433095673671, 0.0151572564996,
         0, 0, 0, 1],
        image_dimension: [640, 480],
        distortion_coefficients: [-0.00993987966551, -0.00512452735677, -0.000387200339774, -0.000922995119293],
        distortion_type: equidistant,
        focal_length: [299.399993701, 296.415890495],
        principal_point: [329.077252698, 210.389388768],
        cam_model: pinhole,
        camera_type: gray, # gray, rgb, gray+depth, rgb+depth
        mapping: true,
        mapping_rectification: true,
        slam_use: okvis} # none, okvis, okvis-depth, okvis-virtual

     - {T_SC:
        [0.718169781115, 0.00277087614943, 0.695862405606, 0.0739865399572,
         -0.0237334630863, 0.999507821983, 0.0205143193256, -0.0048859269805,
         -0.695463074432, -0.0312479889591, 0.717882076222, 0.0567288574487,
         0, 0, 0, 1],
        image_dimension: [640, 480],
        distortion_coefficients: [-0.00631805977614, -0.0412326084939, 0.0481754766759, -0.0211051089337],
        distortion_type: equidistant,
        focal_length: [304.440255516, 301.165372435],
        principal_point: [323.550836859, 195.508928027],
        cam_model: pinhole,
        camera_type: gray, # gray, rgb, gray+depth, rgb+depth
        # mapping: true,
        mapping_rectification: true,
        slam_use: okvis} # none, okvis, okvis-depth, okvis-virtual

     - {T_SC:
        [-0.708646724066, 0.0266110004565, 0.705061468086, 0.0741203286189,
         0.0114369430864, 0.99959044859, -0.0262322513903, -0.00641436682855,
         -0.705470776286, -0.0105256511247, -0.708660845625, -0.0329607250203,
         0, 0, 0, 1],
        image_dimension: [640, 480],
        distortion_coefficients: [-0.0112825808649, -0.0133727071041, 0.0146400382017, -0.00605045297522],
        distortion_type: equidistant,
        focal_length: [300.302674307, 298.692120411],
        principal_point: [332.367907533, 201.91623067],
        cam_model: pinhole,
        camera_type: gray, # gray, rgb, gray+depth, rgb+depth
        # mapping: true,
        mapping_rectification: false,
        slam_use: okvis} # none, okvis, okvis-depth, okvis-virtual

# additional camera parameters
camera_parameters:
    timestamp_tolerance: 0.01 # [s] stereo frame out-of-sync tolerance
    sync_cameras: [0, 1] # the cameras that will be synchronised
    image_delay: 0.0 # [s] timestamp_camera_correct = timestamp_camera - image_delay
    online_calibration: # some parameters to set the online
        do_extrinsics: true # Do we online-calibrate extrinsics?
        do_extrinsics_final_ba: true # Do we calibrate extrinsics in final BA?
        sigma_r: 0.01 # T_SCi position prior stdev [m]
        sigma_alpha: 0.1 # T_SCi orientation prior stdev [rad]
        sigma_r_final_ba: 0.03 # T_SCi position prior stdev in final BA [m]
        sigma_alpha_final_ba: 0.3 # T_SCi orientation prior stdev in final BA [rad]
    deep_stereo_indices: [0,1] # [left, right] camera indices for the stereo network
    fov_scale: 1.0 # Divisor for new focal length which is only used when fisheye stereo rectification for dense mapping.

imu_parameters:
    use: true
    a_max: 176.0 # acceleration saturation [m/s^2]
    g_max: 7.8 # gyro saturation [rad/s]
    sigma_g_c: 20.0e-4 # gyro noise density [rad/s/sqrt(Hz)]
    sigma_a_c: 20.0e-3 # accelerometer noise density [m/s^2/sqrt(Hz)]
    sigma_bg: 0.01 # gyro bias prior [rad/s]
    sigma_ba: 0.1 # accelerometer bias prior [m/s^2]
    sigma_gw_c: 20.0e-5 # gyro drift noise density [rad/s^s/sqrt(Hz)]
    sigma_aw_c: 20.0e-3 # accelerometer drift noise density [m/s^2/sqrt(Hz)]
    g: 9.81007 # Earth's acceleration due to gravity [m/s^2]
    g0: [ 0.0, 0.0, 0.0 ] # initial gyro bias [rad/s]
    a0: [ -0.05, 0.09, 0.01 ] # initial accelerometer bias [m/s^2]
    s_a: [ 1.0,  1.0, 1.0 ] # scale factor for accelerometer measurements: a_true = s_a * a_meas + b_a
    # transform Body-Sensor (IMU)
    T_BS:
        [1.0000, 0.0000, 0.0000, 0.0000,
         0.0000, 1.0000, 0.0000, 0.0000,
         0.0000, 0.0000, 1.0000, 0.0000,
         0.0000, 0.0000, 0.0000, 1.0000]

# frontend: detection etc.
frontend_parameters:
    detection_threshold: 38.0 #42.0 # detection threshold. By default the uniformity radius in pixels
    absolute_threshold: 150.0 # absolute Harris corner threshold (noise floor)
    matching_threshold: 60.0 # BRISK descriptor matching threshold
    octaves: 0 # number of octaves for detection. 0 means single-scale at highest resolution
    max_num_keypoints: 700 # restrict to a maximum of this many keypoints per image (strongest ones)
    keyframe_overlap: 0.60 # minimum field-of-view overlap
    use_cnn: false # use the CNN (if available) to filter out dynamic content / sky
    parallelise_detection: true # Run parallel detect & describe.
    num_matching_threads: 4 # Parallelise matching with this number of threads.

# estimator parameters
estimator_parameters:
    num_keyframes: 5 # number of keyframes in optimisation window
    num_loop_closure_frames: 3 # number of loop closure frames in optimisation window
    num_imu_frames: 3 # number of frames linked by most recent nonlinear IMU error terms
    do_loop_closures: true # whether to do VI-SLAM or VIO
    do_final_ba: true # Whether to run a full final BA
    enforce_realtime: false # whether to limit the time budget for optimisation
    realtime_min_iterations: 3 # minimum number of iterations always performed
    realtime_max_iterations: 10 # never do more than these, even if not converged
    realtime_time_limit: 0.035 # time budget for realtime optimisation [s]
    realtime_num_threads: 3 # number of threads for the realtime optimisation
    full_graph_iterations: 15 # don't do more than these for the full (background) optimisation
    full_graph_num_threads: 3 # number of threads for the full (background) optimisation
    p_dbow: 0.4 # Match threshold for dBoW -- unfortunately this varies with setups.
    drift_percentage_heuristic: 1.35 # % allowed drift in loop closures rel. to dist. travelled.

# some options for how and what to output
output_parameters:
    display_topview: true # Displays top view of the trajectory. Might become slow for long sequences.
    display_matches: true  # displays debug video and matches. May be slow.
    display_overhead: false # debug overhead image. Is slow.
    enable_submapping: true # Enable volumetric submapping
